function mpc = testcase_1
%MATPOWER Case Format : Version 2
mpc.version = '2';

% system MVA base
mpc.baseMVA = 100;

%% bus data
%Columns
%   columns 1-13 must be included in input matrix (in case file)
%    1  BUS_I       bus number (positive integer)
%    2  BUS_TYPE    bus type (1 = PQ (load), 2 = PV (gen), 3 = ref, 4 = isolated)
%    3  PD          Pd, real power demand (MW)
%    4  QD          Qd, reactive power demand (MVAr)
%    5  GS          Gs, shunt conductance (MW demanded at V = 1.0 p.u.)
%    6  BS          Bs, shunt susceptance (MVAr injected at V = 1.0 p.u.)
%    7  BUS_AREA    area number, (positive integer)
%    8  VM          Vm, voltage magnitude (p.u.)
%    9  VA          Va, voltage angle (degrees)
%    10 BASE_KV     baseKV, base voltage (kV)
%    11 ZONE        zone, loss zone (positive integer)
%    12 VMAX        maxVm, maximum voltage magnitude (p.u.)
%    13 VMIN        minVm, minimum voltage magnitude (p.u.)

%1  2    3      4   5   6   7   8   9   10  11  12   13
mpc.bus = [
1	1	189.1	0	0	0	1	1	0	230	1	1.1	0.9	;	
2	1	0       0	0	0	1	1	0	230	1	1.1	0.9	;	
3	1	177.4	0	0	0	1	1	0	230	1	1.1	0.9	;	
4	1	177.4	0	0	0	1	1	0	230	1	1.1	0.9	;	
5	1	0       0	0	0	1	1	0	230	1	1.1	0.9	;	
6	1	0       0	0	0	1	1	0	230	1	1.1	0.9	;	
7	1	177.4	0	0	0	1	1	0	230	1	1.1	0.9	;	
8	1	177.4	0	0	0	1	1	0	230	1	1.1	0.9	;	
9	1	189.1	0	0	0	1	1	0	230	1	1.1	0.9	;	
10	1	0       0	0	0	1	1	0	230	1	1.1	0.9	;	
11	1	0       0	0	0	1	1	0	230	1	1.1	0.9	;	
12	1	410.4	0	0	0	1	1	0	230	1	1.1	0.9	;	
13	1	0       0	0	0	1	1	0	230	1	1.1	0.9	;	
14	1	0       0	0	0	1	1	0	230	1	1.1	0.9	;	
15	1	410.4	0	0	0	1	1	0	230	1	1.1	0.9	;	
16	1	410.4	0	0	0	1	1	0	230	1	1.1	0.9	;	
17	1	0       0	0	0	1	1	0	230	1	1.1	0.9	;	
18	1	410.4	0	0	0	1	1	0	230	1	1.1	0.9	;	
19	1	0       0	0	0	1	1	0	230	1	1.1	0.9	;	
20	1	410.4	0	0	0	1	1	0	230	1	1.1	0.9	;	
21	1	328.4	0	0	0	1	1	0	230	1	1.1	0.9	;	
22	1	0       0	0	0	1	1	0	230	1	1.1	0.9	;	
23	1	328.4	0	0	0	1	1	0	230	1	1.1	0.9	;	
24	1	328.4	0	0	0	1	1	0	230	1	1.1	0.9	;	
25	1	177.4	0	0	0	1	1	0	230	1	1.1	0.9	;	
26	1	0       0	0	0	1	1	0	230	1	1.1	0.9	;	
27	1	410.4	0	0	0	1	1	0	230	1	1.1	0.9	;	
28	1	0       0	0	0	1	1	0	230	1	1.1	0.9	;	
29	1	0       0	0	0	1	1	0	230	1	1.1	0.9	;	
30	1	0       0	0	0	1	1	0	230	1	1.1	0.9	;	
31	1	0       0	0	0	1	1	0	230	1	1.1	0.9	;	
32	1	0       0	0	0	1	1	0	230	1	1.1	0.9	;	
33	1	189.1	0	0	0	1	1	0	230	1	1.1	0.9	;	
34	1	0       0	0	0	1	1	0	230	1	1.1	0.9	;	
35	1	0       0	0	0	1	1	0	230	1	1.1	0.9	;	
36	1	189.1	0	0	0	1	1	0	230	1	1.1	0.9	;	
37	1	189.1	0	0	0	1	1	0	230	1	1.1	0.9	;	
38	1	0       0	0	0	1	1	0	230	1	1.1	0.9	;	
39	1	189.1	0	0	0	1	1	0	230	1	1.1	0.9	;	
40	1	189.1	0	0	0	1	1	0	230	1	1.1	0.9	;	
41	1	189.1	0	0	0	1	1	0	230	1	1.1	0.9	;	
42	1	189.1	0	0	0	1	1	0	230	1	1.1	0.9	;	
43	1	0       0	0	0	1	1	0	230	1	1.1	0.9	;	
44	1	189.1	0	0	0	1	1	0	230	1	1.1	0.9	;	
45	1	189.1	0	0	0	1	1	0	230	1	1.1	0.9	;	
46	1	189.1	0	0	0	1	1	0	230	1	1.1	0.9	;	
47	1	189.1	0	0	0	1	1	0	230	1	1.1	0.9	;	
48	1	189.1	0	0	0	1	1	0	230	1	1.1	0.9	;	
49	1	189.1	0	0	0	1	1	0	230	1	1.1	0.9	;	
50	1	189.1	0	0	0	1	1	0	230	1	1.1	0.9	;	
51	1	189.1	0	0	0	1	1	0	230	1	1.1	0.9	;	
52	1	189.1	0	0	0	1	1	0	230	1	1.1	0.9	;	
53	2	0       0	0	0	1	1	0	230	1	1.1	0.9	;	%1
54	2	0       0	0	0	1	1	0	230	1	1.1	0.9	;	%2
55	2	0       0	0	0	1	1	0	230	1	1.1	0.9	;	%3
56	2	0       0	0	0	1	1	0	230	1	1.1	0.9	;	%4
57	2	0       0	0	0	1	1	0	230	1	1.1	0.9	;	%5
58	2	0       0	0	0	1	1	0	230	1	1.1	0.9	;	%6
59	2	0       0	0	0	1	1	0	230	1	1.1	0.9	;	%7
60	2	0       0	0	0	1	1	0	230	1	1.1	0.9	;	%8
61	2	0       0	0	0	1	1	0	230	1	1.1	0.9	;	%9
62	3	0       0	0	0	1	1	0	230	1	1.1	0.9	;	%Reference Bus
63	1	0       0	0	0	1	1	0	230	1	1.1	0.9	;	%This is the A2F 2016 ITM Gen Bus. Treat as load for now
64	2	0       0	0	0	1	1	0	230	1	1.1	0.9	;	%10
65	2	0       0	0	0	1	1	0	230	1	1.1	0.9	;	%11
66	2	0       0	0	0	1	1	0	230	1	1.1	0.9	;	%12
67	2	0       0	0	0	1	1	0	230	1	1.1	0.9	;	%13
68	2	0       0	0	0	1	1	0	230	1	1.1	0.9	;	%14
];
%1  2    3      4   5   6   7   8   9   10  11  12   13


%% generator data
% 1	 GEN_BUS	bus number
% 2	 PG         Pg, real power output (MW)
% 3	 QG         Qg, reactive power output (MVAr)
% 4	 QMAX       Qmax, maximum reactive power output (MVAr)
% 5	 QMIN       Qmin, minimum reactive power output (MVAr)
% 6	 VG         Vg, voltage magnitude setpoint (p.u.)
% 7	 MBASE      mBase, total MVA base of machine, defaults to baseMVA
% 8	 GEN_STATUS	status, > 0 - in service, <= 0 - out of service
% 9	 PMAX       Pmax, maximum real power output (MW)
% 10 PMIN       Pmin, minimum real power output (MW)
% 11 PC1        Pc1, lower real power output of PQ capability curve (MW)
% 12 PC2        Pc2, upper real power output of PQ capability curve (MW)
% 13 QC1MIN     Qc1min, minimum reactive power output at Pc1 (MVAr)
% 14 QC1MAX     Qc1max, maximum reactive power output at Pc1 (MVAr)
% 15 QC2MIN     Qc2min, minimum reactive power output at Pc2 (MVAr)
% 16 QC2MAX     Qc2max, maximum reactive power output at Pc2 (MVAr)
% 17 RAMP_AGC	ramp rate for load following/AGC (MW/min)
% 18 RAMP_10	ramp rate for 10 minute reserves (MW)
% 19 RAMP_30	ramp rate for 30 minute reserves (MW)
% 20 RAMP_Q     ramp rate for reactive power (2 sec timescale) (MVAr/min)
% 21 APF        area participation factor

%1   2  3   4         5        6    7   8     9      10    11  12  13  14  15  16   17      18     19      20  21
%bus    Qg Qmax     Qmin      Vg   mBase	 Pmax   Pmin   Pc1 Pc2        Qc2min           ramp_10             apf
%   Pg                                 stat                       Qc1min      Qc2max  	      	  ramp_30     
%                                                                     Qc1max      ramp_agc                ramp_q
mpc.gen = [
67	0	0	9999	-9999	 1.00 	100	1	3500	2625	0	0	0	0	0	0	0.01	0.67	2       0       0	;	%	 Nuke A2F           1
54	0	0	9999	-9999	 1.00 	100	1	1100	825     0	0	0	0	0	0	0.01	0.67	2       0.00	0	;	%	 Nuke GHI           2
60	0	0	9999	-9999	 1.00 	100	1	1100	825     0	0	0	0	0	0	0.01	0.67	2       0.00	0	;	%	 Nuke GHI           3
65	0	0	9999	-9999	 1.00 	100	0	1882 	1001    0	0	0	0	0	0	1.6 	16  	48      0.00	0	;	%	 Steam A2F          4
64	0	0	9999	-9999	 1.00 	100	0	1882 	1001    0	0	0	0	0	0	1.6 	16  	48      0.00	0	;	%	 Steam A2F          5
53	0	0	9999	-9999	 1.00 	100	0	1831 	733     0	0	0	0	0	0	1.48 	14.8	44.4 	0.00	0	;	%	 Steam GHI          6
56	0	0	9999	-9999	 1.00 	100	0	4013 	7       0	0	0	0	0	0	7.07 	70.7	212.1	0.00	0	;	%	 Steam NYC          7
58	0	0	9999	-9999	 1.00 	100	0	2188    31      0	0	0	0	0	0	5.13 	51.3	153.9   0.00	0	;	%	 Steam LI           8
61	0	0	9999	-9999	 1.00 	100	1	2000	0       0	0	0	0	0	0	0.83	83.33	0       0.00	0	;	%	 ISONE Import       9
68	0	0	9999	-9999	 1.00 	100	1	4517 	48     0	0	0	0	0	0	20.06 	200.6	601.8   0.00	0	;	%	 CC A2F             10
57	0	0	9999	-9999	 1.00 	100	1	2147 	11     0	0	0	0	0	0	17.52   175.2  	525.6   0.00	0	;	%	 CC NYC             11
55	0	0	9999	-9999	 1.00 	100	1	911 	539     0	0	0	0	0	0	1.43 	14.3	42.9	0.00	0	;	%	 GT NYC             12
59	0	0	9999	-9999	 1.00 	100	1	1095    303	    0	0	0	0	0	0	1.86 	18.6 	55.8	0       0	;	%	 GT LI              13
66	0	0	9999	-9999	 1.00 	100	1	10000	0       0	0	0	0	0	0	0.83	83.33	0       0       0	;	%	 HQ Import A2F      14
]; 
